10859.680393
10837.538324
10806.026212
10815.146779
10815.562094
10825.707107
10832.106898
10818.934261
10809.557078
10819.707981
10853.195849
10805.038341
10547.053843
10541.373340
10865.895752
10729.441012
10702.861248
10671.010658
10657.632254
10632.183860
10617.544533
10612.391280
10604.207926
10600.547763
10631.121840
10623.768784
10605.352353
10601.928058
10589.141907
10560.702794
10549.818390
10562.390509
10593.077629
10629.409067
10660.328573
10700.895067
10710.862128
10678.776104
10652.011040
10635.799689
10598.120977
10571.945071
10598.398787
10615.319211
10612.398312
10613.477689
10624.109859
10628.028212
10623.060319
10637.670710
10665.504442
10682.668886
10684.606177
10704.081075
10732.596151
10726.471952
10708.142982
10704.447750
10688.091238
10664.337267
10650.992939
10661.909776
10676.234504
10668.552148
10656.591137
10646.910274
10631.020051
10595.665742
10587.597827
10592.635174
10603.789529
10599.021418
10607.766073
10663.525690
10729.529927
10768.293868
10801.818149
10817.847962
10805.759460
10742.755759
10679.817886
10628.457741
10589.047633
10540.423591
10519.410539
10533.443367
10544.575368
10544.890895
10566.217173
10613.134808
10656.802838
10706.153206
10748.251469
10783.176203
10764.993328
10737.308726
10704.777014
10664.354918
10621.356200
10588.310654
10588.799958
10622.929704
10647.824800
10672.529280
10697.986141
10719.045515
10703.008227
10677.854471
10664.510460
10673.491901
10663.658313
10689.940693
10725.587046
10762.725693
10755.459732
10730.132306
10703.532728
10687.839119
10660.158008
10650.458557
10671.852745
10692.316292
10717.364670
10690.152607
10662.804961
10657.620747
10678.125978
10721.467633
10742.685239
10746.744814
10740.729092
10711.488451
10638.086101
10587.299589
10569.102267
10572.388527
10557.544537
10561.769482
10577.362797
10599.115595
10574.720810
10574.399581
10599.843059
10623.764692
10640.155231
10679.182786
10746.001031
10777.900766
10759.109613
10749.203995
10752.970066
10715.897982
10651.198014
10617.371239
10605.642407
10574.132486
10553.096186
10549.310343
10550.767361
10582.674636
10605.185086
10640.805614
10689.679947
10729.389512
10746.762750
10705.436110
10675.000902
10645.717497
10646.429750
10640.803762
10618.362477
10622.970165
10643.082236
10658.489560
10655.208939
10664.864074
10679.560737
10704.650289
10676.350926
10646.580327
10620.356048
10609.230904
10595.910949
10573.956484
10574.651116
10609.885149
10645.643151
10673.985668
10699.810849
10724.037588
10708.298525
10679.180957
10651.060024
10619.195063
10575.743379
10544.750634
10546.596172
10563.112114
10573.015732
10607.742809
10644.041312
10682.751876
10681.255985
10681.347949
10673.326475
10685.092043
10691.103096
10678.255154
10691.547218
10716.478080
10758.075157
10747.844777
10746.292286
10747.634886
10751.152201
10752.035724
10717.558047
10699.700048
10701.416290
10719.168936
10694.343934
10697.644980
10705.493224
10714.346680
10724.275582
10683.587109
10659.691541
10643.747503
10666.026206
10681.257194
10676.427556
10710.273531
10736.692343
10780.497447
10776.816471
10785.980535
10789.468581
10795.223092
10758.244505
10741.594352
10722.135926
10726.856677
10704.403916
10672.199438
10686.493295
10716.001636
10698.598169
10685.421168
10677.835683
10703.198475
10692.975269
10682.661355
10709.999802
10765.821686
10796.506685
10810.429976
10828.939362
10815.521955
10793.973613
10726.530851
10651.867095
10585.105870
10557.501084
10523.898564
10500.982939
10503.504052
10523.578574
10539.249898
10523.353752
10543.900345
10557.170120
10602.769070
10611.500389
10601.616624
10612.965067
10608.591020
10634.047748
10631.485230
10630.710408
10663.753669
10694.967136
10742.324244
10745.878804
10711.418688
10701.425490
10683.386429
10692.987649
10653.961760
10638.329783
10663.290822
10701.503036
10723.088494
10734.049327
10753.297982
10761.930521
10710.276175
10663.118729
10607.018596
10570.085611
10500.146704
